11016 0542
11017 0542
11022 0541
11029 0542
11031 0541
11033 0541
11036 0542
11038 0542
11040 0541
11050 0541
11052 0541
11054 0541
11058 0541
11067 0541
11406 0533
11436 0533
11448 0533
11454 0533
11461 0533
11467 0533
11470 0533
11472 0533
11481 0533
11486 0533
11494 0533
11502 0531
11504 0531
11507 0531
11511 0531,0711
11530 0512,0531,0711
11534 0531,0711
11541 0512,0531,0711
11547 0531
11554 0531
11567 0531
12003 0511
12006 0511,0512
12008 0511
12010 0511
12017 0511
12021 0511,0811,0841
12026 0511
12039 0511
12046 0511
12049 0511
12051 0511
12054 0511
12058 0511,0512
12061 0511
12065 0511
12081 0511,0512
12086 0511
12087 0511
12089 0511,0533
12205 0532
12225 0532
12232 0532
12233 0532,0533
12241 0532
12248 0724
12252 0532
12254 0311,0532
12256 0532,0724
12261 0532
12275 0532
12288 0532
12296 0531,0532
12502 0521
12505 0731
12512 0731
12514 0731
12518 0421
12520 0712,1021
12522 0712
12523 0731
12524 0712
12526 0712
12532 0413,0712,1021
12534 0731
12541 0712,1021
12547 0522,0712
12549 0522
12554 0522,0712,0731,0821
12556 0521
12562 0712
12570 0712
12580 0712
12582 0712,1021
12584 0712
12585 0712
12587 0413,0712
12589 1015
12598 0712
13016 0312
13021 0312
13024 0312
13027 0312
13030 0312
13036 0312
13038 0312
13041 0312
13054 0312
13057 0311
13061 0312,0712
13072 0312
13078 0312
13082 0312
13087 0312
13096 0312
13121 0311
13133 0311
13138 0311
13149 0311
13154 0311
13158 0311
13175 0413
13183 0311
13192 0311
13194 0311
13205 0421
13209 0421
13218 0421
13219 0421
13222 0421
13229 0421
13231 0421
13234 0421
13235 0421
13237 0421
13239 0421
13243 0421
13253 0421
13254 0421
13256 0421
13260 0421
13261 0421
13262 0421
13266 0421
13267 0421
13268 0421
13269 0421
13272 0421
13274 0421
13275 0421
13277 0421
13279 0421
13280 0421
13285 0421
13286 0421
13287 0421
13299 0421
13304 0421
13315 0421
13354 0421
14201 0221,0222,0314
14207 0222
14215 0222
14216 0213,0215
14220 0223
14223 0314
14224 0314
14227 0222
14229 0222
14231 0223
14232 0223
14235 0314
14240 0232
14241 0221
14254 KO
14256 0314
14258 0314
14261 0232
14270 0231
14272 0232
14277 0314
14278 0314
14290 0232
14297 0314
14403 0313
14405 0313
14407 0313
14411 0313
14414 0313
14420 0313
14426 0313
14441 0313
14454 0313
14456 0313
14461 0313,0314
14472 0313
14475 0313
14489 0313
15003 0031,0417
15004 0417
15006 0031,0417
15011 0031,0417
15031 0031
15059 0031
15061 0031
15062 0031
15201 0231
15210 0231
15212 0231
15213 0231
15220 0231
15228 0231
15231 0231
15234 0231
15235 0231
15241 0231
15250 0231
15254 0231
15280 0231
15287 0231
15288 0231
15299 0231
15436 1014
15447 1014
15448 1014
15454 1014
15457 0413,1014
15459 1014
15479 1014
21001 0811
21002 0811
21007 0811
21011 0716,0811
21025 0811
21027 0812
21032 0811
21034 0812
21040 0811,0812
21041 0413,0821
21042 0821
21045 0821
21046 0812
21052 0413,0811
21053 0811
21054 0811,0812,0821
21056 0811
21059 0811
21062 0811
21081 0421,0811
21084 0811,0812
21088 0811
21333 0831
21336 0413,0831
21347 0831
21352 0831
21360 0831
21510 0721
21524 0721
21528 0721
21538 0721
21540 0721
21547 0721,1021
21549 0721
21551 0721
21554 0721
21570 0417,0721
21573 0721
21576 0721
21577 0721
21589 0721
21599 0721
21627 0212,0723
21654 0723
21676 0723
21775 0212
21783 0212
21798 0212
21801 0212,0723
21859 0723,0914
21867 0723,0723
21882 0723,0723
21895 0723,0723
22024 0732
22054 0732
22211 0732
22223 0731
22232 0732
22254 0732
22274 0732
22279 0732
22286 0732
22294 0732
22312 0732
22313 0732
22334 0732
22374 0732
22387 0732
22396 0732
22404 0732
22411 0732
22416 0732
22420 0732
22434 0732
22437 0732
22441 0732
22442 0732
22454 0732
22468 0732
22478 0732
22485 0732
22499 0732
22601 0713
22604 0713
22605 0713
22624 0713
22635 0713
22642 0713
22650 0713
22654 0713
22694 KO
22808 0722
22820 0722
22821 0722
22834 0715
22852 0722
22854 0711
22867 0711,0722
22871 0722
22881 0722
22884 0722
22885 0722
23021 0722
23026 0715
23042 0715,0722
23049 0715
23054 0715
23059 0715
23062 0715
23064 0715,0722
23076 0722
23083 0715
23089 0722
23090 0715
23521 0715
23542 0715
23546 0715
23554 0715
23581 0715
23602 0716
23613 0716
23615 0716
23617 0716
23622 0716
23624 0716
23635 0716
23637 0716
23641 0715
23651 0716
23654 0716
23661 0715
23662 0715
23677 0716
23681 0715
23684 0715,0716
24052 0713
24054 0713
24066 0713
24086 0713
24118 0713,0724
24121 0713
24132 0713
24134 0713
24136 0713,0724
24147 0713,0724
24154 0713
24158 0713,0724
24162 0413,0713,0724
24176 0713,0724
24189 0713,0724
24223 0612,0714
24231 0612,0714
24252 0714
24254 0714
24268 0714
24273 0612,0714
24277 0714
24289 0714
24293 0714
24326 0714
24340 0714
24346 0714
24351 0714
24354 0714
24356 0714
24392 0714
24396 0714
24424 0714
24431 0714
24451 0714
24454 0714
24469 0714
24472 0714
24478 0714
30854 0611
31006 0612
31008 0612
31009 0612
31019 0613
31024 0612
31028 0613
31034 0612
31036 0612
31054 0612,0613
31057 0613
31067 0613
31084 0613
31088 0613
31090 0613
31094 0612
31307 1022
31336 0413
31359 0413
31361 0715
31371 0413
31388 0413
31606 0413
31608 0711
31620 0413,0714
31624 0715
31625 0413,0715
31629 0413
31632 0413,0714
31637 KO
31650 0413
31652 0413
31654 0413
31660 0413
31663 0413
31676 0212
31684 0212
31685 0212
31734 0416,1041
31736 0716
31747 1041
31752 0416
31760 0416
31776 1022
31822 1041
31827 1041
31834 1041
31837 1041
31845 1041
31847 1041
31850 1041
31854 1041
31867 1041
31870 1041
31872 1041
31875 1041
31880 1041
31883 1041
31891 1041
31893 1041
31894 0421,1041
31895 0413,1041
32006 0413
32008 0413
32015 0413
32020 0413
32023 0413
32025 0413
32032 0413
32035 0413
32036 0413
32039 KO
32042 0413
32043 0413
32045 0413
32047 0413
32054 0413
32062 0413
32070 0413
32076 0413
32079 0413
32094 0413
32096 0413
32098 0413
32602 0412,0411
32623 0411,0412
32652 0411
32654 0411,0412
32663 0411
32667 0411
32688 0411
32694 0411
32695 0411
33024 0413
33047 0413
33049 0413
33052 0413
33054 0413
33091 0413
34018 0416
34024 0416
34027 0416,0417
34040 0414
34052 0414
34054 0416,0416
34060 0414
34074 0414,0414
34076 0416
34085 0416
34091 0414
34254 0416,0416
34256 0416
34260 0414
34271 0416
34285 0416
34287 1041
34292 0416
34502 0416
34506 0416
34513 0416
34519 0416
34525 0416
34534 0416
34554 0416
34561 0413,0416
34566 0416
34573 0413,0416
34580 0416
34581 0416
34582 0416
34584 0416
34593 0416
34597 0414,0416
35005 0415
35006 0415
35007 0415
35008 0415
35014 0415
35029 0415
35047 0415
35052 0415
35054 0415
41003 0412
41014 0412
41023 0412
41036 0412
41037 0412
41039 0412,0421
41040 0412
41054 0412
41062 0412,0412
41077 0412,0412
41083 0412,0417
41091 0412,0421
41092 0412,0417
42002 0841
42004 0841
42006 1021
42025 0841
42032 1012
42040 1012
42050 1012
42056 1011
42061 1012
42093 1011
42095 1011
42097 1011
42133 0413,0416
42154 0416
42158 0416
42171 0416
42602 1015
42627 0413,1015
42651 1015
42654 1015
42692 1015
42746 1013
42752 1013
42759 1013
42766 0413,1013
42776 1013
42802 1031
42803 1032
42814 1032
42815 0413,1022
42838 1032
42866 1022
42883 1022
42884 1022
42898 1022
43001 0912
43009 0912
43026 0916
43039 0912
43048 0912
43054 0912
43057 0912
43061 0912
43070 0912,0915
43088 0512,0912
43404 0913
43415 0421,0913
43435 0913
43440 0915
43454 0913,0914
43460 0914
43476 0913,0914
43479 0914
43484 0914
43486 0914
43494 0911
44008 0923
44022 0923
44028 0921,0923
44035 0923
44037 0923
44047 0923
44054 0923
44067 0923
44072 0923
44074 0923
44083 0923
44084 0923
44092 0922,0923
44515 0111
44530 0111
44534 0111
44542 0111
44554 0111,0923
44557 0923
44569 0923
44571 0111
44584 0111
44586 0114
44590 0923
45004 0215
45006 0212
45009 0731
45015 0212
45019 0722
45022 0215
45027 0212
45038 0213
45050 0215
45052 0215
45054 0213,0215
45066 0213
45071 0215
45073 0215
45080 0215
45097 0213
45501 0214
45502 0214
45523 0214
45554 0214
45567 0214
45583 0214
45586 0214
46003 0211
46006 0211
46010 0211
46027 0211
46036 0211
46047 0211
46049 0211
46054 0211
46072 0211
46081 0211
46202 0611
46207 0211,0612
46209 0211,0612
46233 0211
46236 0211
46244 0211,0413
46254 0211
46262 0211
46264 0211
46269 0211
46270 0612,0613
46273 0211
46274 0211
46276 0211
46278 0211
46281 0211
46301 0414
46303 0321
46319 0414
46323 0321
46324 0322
46325 0321
46326 0321
46328 0322
46338 0322
46340 0414
46341 0414
46342 0322
46345 0322
46348 0322
46354 0321,0322,0414
46371 0322
46373 0322
46375 0322
46382 0322
46385 0322
61054 KO
62301 KO
